131 124 819
1 2 7 11 19 77
1 2 7 11 26 41 66 70
1 2 3 5 14 29 47
1 2 4 5 14 15 16 59
1 2 5 7 25 26 37
1 5 14 15 66
2 3 5 6 12 14 15
2 3 29 59 67 74
1 3 7 11 17 25
1 2 3 7 11 19 62 66
8 22 25 73 105
9 58 82 109
10 25
2 3 7 16 17 25 57 100
1 2 3 5 11 12 15 37 77
3 13 15 42 53 56 74 112
1 2 3 4 14 29 63
1 2 4 12 14 15 47
2 3 4 5 14 29 39 53 59
1 2 3 5 7 11 14 19 26 37 49
1 2 3 5 16 26 37 77
1 2 11 17 25 35 82 99
1 3 18 21 29 63 115
1 2 3 7 11 19 26 62
2 3 7 11 14 15 24 49 60
1 3 7 9 11 12 15 16 49 53
2 4 20 64 79
1 2 5 21 23 46 47 111
1 2 3 4 5 8 14
2 7 14 23 49 62 66 68 70
2
1 2 4 5 14 22 55
2 3 4 7 19 23 24 46
1 2 3 17 25 94 109
1 2 3 16 26 29 57 64
5 7 22 27 47 92
1 2 7
28
2 5 11 14 15 29 38 52 53 59
2 3 5 19 24 37 45 46 47 103
1 2 3 4 5 7 27
7 19 41 63
1 3 5 6 14 15
1 2 3 4 5 12 31 47 54 83
2 3 4 5 15 47
1 3 24 29 116
1 2 3 4 5 14 21 29 47 54
1 2 4 7 14 23 24 26 37 45 71
11 33 68 70 86 119
19 26 37 62
1 2 7 41 66 70
2 11 15 26 29 37 75 96 107
1 2 5 8 15 23 25
80 121
1 9 25 29 35 82 99 101
2 3 4 5 14 15 29 39 59 93
1 2 3 4 5 14 16 29 47
3 5 15 29 55 93
1 2 3 5 14 15 19 21 23 49 108
1 3 29 43 55 56 57
3 4 5 14 15 59
1 9 25 32 36 49 58 109 118
7 14 19 27 49 57 62
63
1 2 3 16 19 41 47
43
1 2 3 11 41 44 49 57 62
1 2 7 41 49 62
1 2 4 5 7 11 15 47 48 78
2 19 79
2 3 15 20 26 29 66 79 87
15 38 42 67 112
1 2 4 9 54 57
3 29 55 93 102
2 15 29 52
2 3 5 14 15 29 52 55
1 2 4 55 57 73 80
1 2 7 33 41 65 86 104
2 7 11 19 62
1 2 3 7
7 11 49
4 15 23 50 69
51
1 19 26 46 61 88 124
1 2 7 14 29 31 57
3 15 42 59
7 49 60
1 7 37 68
1 2 3 4 15 29 47 55 59 79 83 120
2 11 26 37 60
1 3 4 15
1 2 3 4 14 15 83
2 3 20 29
98
2 44 62
2 3 4 5 12 15 57
1 2 4 7 11 17
1 2 3 4 7 11 37 41 49 60 62 66
1 2 5 12 15 47
1 2 19 26 37 75 77 107
1 2 3 12 15 19 37
10 32 62
2 3 4 5 12 15 22 47
1 2 3 7 11 14 15 24 37 49 60
1 2 4 7 26 47 54 57
2 3 37 47 113
3 18 21 29 40 53 63
1 4 5 15 29 47 78
7 15 26 37 70 75
1 2 4 5 9 25 109
1 3 19 30
2 3 5 15 20 29 56 59
1 2 5 7 14 41 49
1 2 3 7 11 19 79
1 2 7 11 12 14 49 60 63 81 100
1 2 3 4 12 14 21 25 40 54
1 2 3 45 46
1 4
1 2 25 29 35 95
2 3 11 20 29 30 53
2 7
1 89
2 5 10 49 91 110 123
2 19 23
2 32 106 109 114
1 2 97
5
1
22 66 110 123
60
2 49 79
